A
-----------------------
Nonzero entries:
(1,1) (2,2) (1,0) (1,2) (2,0) (1,1) (1,3) (1,2) 

Outer pointers:
0 2 4 7  $

0 1 2 0 
1 0 1 0 
2 1 0 1 
0 0 1 0 


Vol of matrix A is
------------------------------
10

Adj norm
------------------------

Nonzero entries:
(0.408248,1) (0.57735,2) (0.408248,0) (0.353553,2) (0.57735,0) (0.353553,1) (0.5,3) (0.5,2) 

Outer pointers:
0 2 4 7  $

0 0.408248 0.57735 0 
0.408248 0 0.353553 0 
0.57735 0.353553 0 0.5 
0 0 0.5 0 


Eigen vals and vecs
------------------------

eval
0.143884 0.999999

evec
-0.354106 -0.547722
-0.446233 -0.447213
 0.227286 -0.632455
 0.789827 -0.316228

Mcap 
------------------------
 0.0069989  0.0107822          0          0
 0.0107822  0.0165933          0          0
         0          0 0.00216702  0.0149717
         0          0  0.0149717  0.0997033

Singular Values and U are
------------------------

Singular Values are 
7.93616e-05   0.0235973     0.10195

Computed U  is 
  0.00154515     0.544748  -6.6941e-09
 -0.00100374       0.8386 -3.58066e-08
   -0.988928  1.79442e-06    -0.148389
    0.148382  -2.6842e-07    -0.988929

Final Embeddings
------------------------------
  1.3765e-05     0.083681  -2.1374e-09
-8.94185e-06     0.128821 -1.14329e-08
 -0.00880988  2.75649e-07   -0.0473799
  0.00132187 -4.12331e-08    -0.315761
----------------------------------------------------------------------------------------------------------

A
-----------------------
Nonzero entries:
(1,1) (1,2) (2,5) (1,0) (1,2) (1,5) (1,0) (1,1) (3,4) (1,5) (4,4) (1,5) (3,2) (4,3) (1,5) (2,0) (1,1) (1,2) (1,3) (1,4) 

Outer pointers:
0 3 6 10 12 15  $

0 1 1 0 0 2 
1 0 1 0 0 1 
1 1 0 0 3 1 
0 0 0 0 4 1 
0 0 3 4 0 1 
2 1 1 1 1 0 


Vol of matrix A is
------------------------------
32

Adj norm
------------------------

Nonzero entries:
(0.288675,1) (0.204124,2) (0.408248,5) (0.288675,0) (0.235702,2) (0.235702,5) (0.204124,0) (0.235702,1) (0.433013,4) (0.166667,5) (0.632456,4) (0.182574,5) (0.433013,2) (0.632456,3) (0.144338,5) (0.408248,0) (0.235702,1) (0.166667,2) (0.182574,3) (0.144338,4) 

Outer pointers:
0 3 6 10 12 15  $

0 0.288675 0.204124 0 0 0.408248 
0.288675 0 0.235702 0 0 0.235702 
0.204124 0.235702 0 0 0.433013 0.166667 
0 0 0 0 0.632456 0.182574 
0 0 0.433013 0.632456 0 0.144338 
0.408248 0.235702 0.166667 0.182574 0.144338 0 


Eigen vals and vecs
------------------------

eval
-0.028613  0.515408         1

evec
 0.232282  0.483473 -0.353554
  -0.1614  0.426041 -0.306186
 -0.72548 0.0607393 -0.433013
 0.398419  -0.50844 -0.395285
-0.150985 -0.494813      -0.5
 0.460587  0.278751 -0.433013

Mcap 
------------------------
  0.181176   0.184077  0.0201703          0          0  0.0893885
  0.184077   0.187021  0.0205204          0          0  0.0908868
 0.0201703  0.0205204 0.00208839          0          0 0.00954646
         0          0          0   0.161894   0.126816          0
         0          0          0   0.126816  0.0989642          0
 0.0893885  0.0908868 0.00954646          0          0  0.0430777

Singular Values and U are
------------------------

Singular Values are 
0.000231921  0.00108988     0.26109     0.41445

Computed U  is 
-3.92263e-05     0.199113 -5.21818e-06     0.661255
 3.80937e-05     0.265642 -6.96252e-06     0.671896
 4.63075e-06    -0.360476  9.67567e-06    0.0733068
    0.616111 -2.01695e-08    -0.787559 -6.85514e-05
   -0.787659  1.35188e-07     -0.61624  8.81646e-05
 -1.1461e-08    -0.871691  2.34039e-05      0.32546

Final Embeddings
------------------------------
-5.97375e-07   0.00657338 -2.66633e-06     0.425701
 5.80127e-07    0.0087697 -3.55764e-06     0.432552
 7.05216e-08   -0.0119005  4.94398e-06    0.0471933
  0.00938274 -6.65862e-10    -0.402419 -4.41319e-05
  -0.0119952  4.46298e-09     -0.31488  5.67585e-05
-1.74539e-10   -0.0287774  1.19587e-05     0.209524
----------------------------------------------------------------------------------------------------------

A
-----------------------
Nonzero entries:
(1,1) (1,2) (2,4) (1,5) (1,6) (1,0) (3,2) (1,3) (1,6) (1,0) (3,1) (1,4) (4,5) (1,1) (1,4) (2,0) (1,2) (1,3) (1,0) (4,2) (1,6) (1,0) (1,1) (1,5) 

Outer pointers:
0 5 9 13 15 18 21  $

0 1 1 0 2 1 1 
1 0 3 1 0 0 1 
1 3 0 0 1 4 0 
0 1 0 0 1 0 0 
2 0 1 1 0 0 0 
1 0 4 0 0 0 1 
1 1 0 0 0 1 0 


Vol of matrix A is
------------------------------
36

Adj norm
------------------------

Nonzero entries:
(0.166667,1) (0.136083,2) (0.408248,4) (0.166667,5) (0.235702,6) (0.166667,0) (0.408248,2) (0.288675,3) (0.235702,6) (0.136083,0) (0.408248,1) (0.166667,4) (0.544331,5) (0.288675,1) (0.353553,4) (0.408248,0) (0.166667,2) (0.353553,3) (0.166667,0) (0.544331,2) (0.235702,6) (0.235702,0) (0.235702,1) (0.235702,5) 

Outer pointers:
0 5 9 13 15 18 21  $

0 0.166667 0.136083 0 0.408248 0.166667 0.235702 
0.166667 0 0.408248 0.288675 0 0 0.235702 
0.136083 0.408248 0 0 0.166667 0.544331 0 
0 0.288675 0 0 0.353553 0 0 
0.408248 0 0.166667 0.353553 0 0 0 
0.166667 0 0.544331 0 0 0 0.235702 
0.235702 0.235702 0 0 0 0.235702 0 


Eigen vals and vecs
------------------------

eval
0.13017  0.3842       1

evec
 -0.554668  -0.186597  -0.408248
  0.548421 -0.0427251  -0.408248
  0.242642   0.329731       -0.5
  0.417874  -0.541459  -0.235702
 -0.293932  -0.553508  -0.333333
 -0.124626     0.4809  -0.408248
 -0.236975    0.15434  -0.288675

Mcap 
------------------------
 0.0398532          0          0  0.0290321  0.0632363          0 0.00144461
         0  0.0273129 0.00543581  0.0493991          0          0          0
         0 0.00543581  0.0301952          0          0  0.0452087  0.0159075
 0.0290321  0.0493991          0    0.31937   0.194399          0          0
 0.0632363          0          0   0.194399   0.168608          0          0
         0          0  0.0452087          0          0  0.0843054  0.0421404
0.00144461          0  0.0159075          0          0  0.0421404   0.027535

Singular Values and U are
------------------------

Singular Values are 
0.0124272 0.0219808 0.0801264  0.129481  0.464688

Computed U  is 
   -0.135564    -0.597633     0.565529   0.00252737    -0.139003
     -0.1904     -0.73642    -0.413636    0.0227591   -0.0915315
    0.644574    -0.233044   -0.0222943     0.432911  -0.00119567
  0.00617268     0.101224    -0.439238   0.00137316     -0.81039
   0.0549585     0.122202     0.561131  -0.00788636    -0.561752
    0.021234    0.0936357    0.0169808     0.806874 -0.000196398
   -0.725524     0.110743     0.022342      0.40119 -0.000515331

Final Embeddings
------------------------------
  -0.0151123   -0.0886047     0.160082  0.000909436   -0.0947553
  -0.0212253    -0.109181    -0.117086   0.00818952   -0.0623952
   0.0718554    -0.034551  -0.00631077     0.155777 -0.000815063
 0.000688115    0.0150074    -0.124333  0.000494111    -0.552427
  0.00612664    0.0181176     0.158837  -0.00283779    -0.382935
  0.00236711    0.0138824    0.0048067     0.290342 -0.000133881
  -0.0808796    0.0164187   0.00632427     0.144362 -0.000351291
----------------------------------------------------------------------------------------------------------

A
-----------------------
Nonzero entries:
(1,1) (1,2) (1,4) (3,6) (1,0) (1,3) (1,4) (1,5) (4,6) (1,0) (1,3) (1,1) (1,2) (1,4) (5,6) (1,7) (1,0) (1,1) (1,3) (1,7) (1,1) (2,7) (3,0) (4,1) (5,3) (1,7) (1,3) (1,4) (2,5) (1,6) 

Outer pointers:
0 4 9 11 16 20 22 26  $

0 1 1 0 1 0 3 0 
1 0 0 1 1 1 4 0 
1 0 0 1 0 0 0 0 
0 1 1 0 1 0 5 1 
1 1 0 1 0 0 0 1 
0 1 0 0 0 0 0 2 
3 4 0 5 0 0 0 1 
0 0 0 1 1 2 1 0 


Vol of matrix A is
------------------------------
50

Adj norm
------------------------

Nonzero entries:
(0.144338,1) (0.288675,2) (0.204124,4) (0.339683,6) (0.144338,0) (0.117851,3) (0.176777,4) (0.204124,5) (0.392232,6) (0.288675,0) (0.235702,3) (0.117851,1) (0.235702,2) (0.166667,4) (0.46225,6) (0.149071,7) (0.204124,0) (0.176777,1) (0.166667,3) (0.223607,7) (0.204124,1) (0.516398,7) (0.339683,0) (0.392232,1) (0.46225,3) (0.124035,7) (0.149071,3) (0.223607,4) (0.516398,5) (0.124035,6) 

Outer pointers:
0 4 9 11 16 20 22 26  $

0 0.144338 0.288675 0 0.204124 0 0.339683 0 
0.144338 0 0 0.117851 0.176777 0.204124 0.392232 0 
0.288675 0 0 0.235702 0 0 0 0 
0 0.117851 0.235702 0 0.166667 0 0.46225 0.149071 
0.204124 0.176777 0 0.166667 0 0 0 0.223607 
0 0.204124 0 0 0 0 0 0.516398 
0.339683 0.392232 0 0.46225 0 0 0 0.124035 
0 0 0 0.149071 0.223607 0.516398 0.124035 0 


Eigen vals and vecs
------------------------

eval
0.0487418  0.131264  0.480905         1

evec
   -0.453149     0.347392     0.306002     -0.34641
   -0.346567    -0.431392    0.0350814         -0.4
    0.245665     0.676368     0.261524         -0.2
    0.605794   -0.0487948     0.158816    -0.424264
   -0.454861     0.214328   -0.0792787    -0.282843
-0.000249376    0.0613117    -0.625044    -0.244949
    0.146801    -0.386049     0.243702    -0.509902
    0.136969     0.186107    -0.595952    -0.316228

Mcap 
------------------------
0.0918555         0  0.139719 0.0191167         0         0 0.0253615         0
        0 0.0218918         0         0         0         0   0.01483         0
 0.139719         0  0.291805 0.0472912         0         0 0.0207684         0
0.0191167         0 0.0472912 0.0233451         0         0 0.0197891         0
        0         0         0         0  0.028783 0.0668093         0  0.050763
        0         0         0         0 0.0668093  0.472362         0  0.369797
0.0253615   0.01483 0.0207684 0.0197891         0         0 0.0297865         0
        0         0         0         0  0.050763  0.369797         0  0.288936

Singular Values and U are
------------------------

Singular Values are 
0.0188175 0.0190443 0.0227891 0.0467603  0.374131  0.771129

Computed U  is 
      0.1078    0.0918428     0.759196    -0.212384    -0.451646 -8.56477e-07
   -0.713293    -0.372584    -0.165265    -0.444564  -0.00412193  2.00224e-05
   -0.150242   -0.0872888    -0.299542     0.248435    -0.874721 -2.35775e-05
    0.501014     0.180001    -0.549539    -0.313249    -0.147944  1.00556e-05
   -0.433501     0.888448   -0.0661877    0.0120734 -0.000114825     0.112307
   0.0224234   -0.0461385   0.00375117 -0.000623583 -1.02119e-05     0.782752
    0.122437     0.102166    0.0118275    -0.772829   -0.0947349   5.2443e-06
   0.0508713    -0.104016   0.00733433  -0.00138688  3.40496e-06     0.612117

Final Embeddings
------------------------------
   0.0147877    0.0126744     0.114609   -0.0459261    -0.276255 -7.52107e-07
  -0.0978474   -0.0514171   -0.0249485   -0.0961332  -0.00252123  1.75824e-05
  -0.0206097    -0.012046   -0.0452191    0.0537218    -0.535034 -2.07043e-05
   0.0687276    0.0248404   -0.0829587   -0.0677374   -0.0904917  8.83024e-06
  -0.0594664     0.122607  -0.00999173   0.00261076  -7.0234e-05    0.0986208
  0.00307597  -0.00636717  0.000566279 -0.000134844 -6.24624e-06     0.687366
   0.0167955     0.014099   0.00178548    -0.167118   -0.0579458  4.60522e-06
  0.00697837   -0.0143543   0.00110719 -0.000299901  2.08268e-06     0.537524
----------------------------------------------------------------------------------------------------------

A
-----------------------
Nonzero entries:
(1,2) (1,4) (4,4) (1,5) (1,6) (1,7) (7,8) (1,0) (1,8) (1,4) (8,6) (1,7) (1,0) (4,1) (1,3) (1,8) (1,1) (1,7) (1,1) (8,3) (9,7) (1,8) (1,1) (1,3) (1,5) (9,6) (7,1) (1,2) (1,4) (1,6) 

Outer pointers:
0 2 7 9 12 16 18 22 26  $

0 0 1 0 1 0 0 0 0 
0 0 0 0 4 1 1 1 7 
1 0 0 0 0 0 0 0 1 
0 0 0 0 1 0 8 1 0 
1 4 0 1 0 0 0 0 1 
0 1 0 0 0 0 0 1 0 
0 1 0 8 0 0 0 9 1 
0 1 0 1 0 1 9 0 0 
0 7 1 0 1 0 1 0 0 


Vol of matrix A is
------------------------------
78

Adj norm
------------------------

Nonzero entries:
(0.5,2) (0.267261,4) (0.404061,4) (0.188982,5) (0.0613139,6) (0.0771517,7) (0.591608,8) (0.5,0) (0.223607,8) (0.119523,4) (0.580381,6) (0.0912871,7) (0.267261,0) (0.404061,1) (0.119523,3) (0.119523,8) (0.188982,1) (0.204124,7) (0.0613139,1) (0.580381,3) (0.59604,7) (0.0725476,8) (0.0771517,1) (0.0912871,3) (0.204124,5) (0.59604,6) (0.591608,1) (0.223607,2) (0.119523,4) (0.0725476,6) 

Outer pointers:
0 2 7 9 12 16 18 22 26  $

0 0 0.5 0 0.267261 0 0 0 0 
0 0 0 0 0.404061 0.188982 0.0613139 0.0771517 0.591608 
0.5 0 0 0 0 0 0 0 0.223607 
0 0 0 0 0.119523 0 0.580381 0.0912871 0 
0.267261 0.404061 0 0.119523 0 0 0 0 0.119523 
0 0.188982 0 0 0 0 0 0.204124 0 
0 0.0613139 0 0.580381 0 0 0 0.59604 0.0725476 
0 0.0771517 0 0.0912871 0 0.204124 0.59604 0 0 
0 0.591608 0.223607 0 0.119523 0 0.0725476 0 0 


Eigen vals and vecs
------------------------

eval
0.120796 0.446135 0.776292        1

evec
  0.0634447    -0.62111   -0.299438   -0.160128
-0.00269684    0.410776   -0.375762    -0.42366
   0.194852   -0.570887    -0.30168   -0.160128
   -0.43558   -0.133119    0.334356   -0.358057
  -0.335859   0.0312219    -0.30536   -0.299573
   0.690977    0.163997 0.000933329   -0.160128
 -0.0862003   -0.105318    0.454828   -0.493548
     0.4114  -0.0218716    0.351438   -0.392232
  -0.036605    0.249825   -0.377773   -0.358058

Mcap 
------------------------
  1.20318  0.204511   1.17728         0  0.451215         0         0         0  0.344824
 0.204511  0.282913  0.227381         0  0.260075 0.0750469         0         0  0.302622
  1.17728  0.227381   1.15614         0  0.447738         0         0         0  0.359721
        0         0         0  0.270031         0         0  0.250131  0.224264         0
 0.451215  0.260075  0.447738         0  0.300133         0         0         0  0.300817
        0 0.0750469         0         0         0  0.292898         0 0.0575654   0.04833
        0         0         0  0.250131         0         0  0.243231  0.232853         0
        0         0         0  0.224264         0 0.0575654  0.232853  0.240438         0
 0.344824  0.302622  0.359721         0  0.300817   0.04833         0         0  0.332839

Singular Values and U are
------------------------

Singular Values are 
0.0070446 0.0127546 0.0253406   0.28323  0.547597   0.72583   2.74826

Computed U  is 
    0.350958     0.457659   -0.0100003   -0.0998237    -0.292743   0.00900414    -0.647989
   -0.177589     0.576766     0.100565    0.0980044     0.608002   -0.0208855    -0.173173
   -0.490683    -0.339805    0.0662401   -0.0717678    -0.232038    0.0074979    -0.639366
    0.221261     0.014044     0.686058     0.114259   -0.0410059    -0.590853 -2.50639e-05
    0.650228    -0.461304    -0.210109      0.22486     0.342194  -0.00701903    -0.284878
   0.0986729    -0.146372      0.11291    -0.930117     0.280036   -0.0797635   -0.0101232
   -0.206219    -0.187888   -0.0678641      0.10062   -0.0391433    -0.575794 -2.22198e-05
  -0.0296791     0.192328    -0.672835     -0.10551  -0.00709393    -0.558657 -0.000237046
   -0.282178    -0.188963    0.0227259     0.159024     0.540382   -0.0165019      -0.2451

Final Embeddings
------------------------------
   0.0294566    0.0516863  -0.00159192   -0.0531255    -0.216629   0.00767114     -1.07423
  -0.0149054    0.0651379    0.0160086    0.0521573      0.44992   -0.0177936    -0.287084
  -0.0411841   -0.0383764    0.0105446   -0.0381943    -0.171707   0.00638789     -1.05993
   0.0185709   0.00158608     0.109212    0.0608079   -0.0303443    -0.503381 -4.15506e-05
    0.054575    -0.052098   -0.0334467     0.119669     0.253223  -0.00597991    -0.472267
  0.00828183   -0.0165308    0.0179738    -0.495002     0.207226    -0.067955   -0.0167821
  -0.0173084   -0.0212194   -0.0108031    0.0535495    -0.028966    -0.490551 -3.68357e-05
 -0.00249103    0.0217209    -0.107107   -0.0561517  -0.00524949    -0.475951 -0.000392972
  -0.0236838   -0.0213408   0.00361767    0.0846315     0.399881   -0.0140589    -0.406324
----------------------------------------------------------------------------------------------------------

A
-----------------------
Nonzero entries:
(1,1) (1,8) (1,0) (2,2) (1,7) (2,1) (1,4) (1,6) (3,5) (1,8) (1,9) (1,2) (1,7) (4,8) (3,3) (1,8) (1,9) (1,2) (1,7) (1,8) (5,9) (1,1) (1,4) (1,6) (1,8) (1,9) (1,0) (1,3) (4,4) (1,5) (1,6) (1,7) (1,9) (1,3) (1,5) (5,6) (1,7) (1,8) 

Outer pointers:
0 2 5 8 11 14 17 21 26 33  $

0 1 0 0 0 0 0 0 1 0 
1 0 2 0 0 0 0 1 0 0 
0 2 0 0 1 0 1 0 0 0 
0 0 0 0 0 3 0 0 1 1 
0 0 1 0 0 0 0 1 4 0 
0 0 0 3 0 0 0 0 1 1 
0 0 1 0 0 0 0 1 1 5 
0 1 0 0 1 0 1 0 1 1 
1 0 0 1 4 1 1 1 0 1 
0 0 0 1 0 1 5 1 1 0 


Vol of matrix A is
------------------------------
58

Adj norm
------------------------

Nonzero entries:
(0.353553,1) (0.223607,8) (0.353553,0) (0.5,2) (0.223607,7) (0.5,1) (0.204124,4) (0.176777,6) (0.6,5) (0.141421,8) (0.149071,9) (0.204124,2) (0.182574,7) (0.516398,8) (0.6,3) (0.141421,8) (0.149071,9) (0.176777,2) (0.158114,7) (0.111803,8) (0.589256,9) (0.223607,1) (0.182574,4) (0.158114,6) (0.141421,8) (0.149071,9) (0.223607,0) (0.141421,3) (0.516398,4) (0.141421,5) (0.111803,6) (0.141421,7) (0.105409,9) (0.149071,3) (0.149071,5) (0.589256,6) (0.149071,7) (0.105409,8) 

Outer pointers:
0 2 5 8 11 14 17 21 26 33  $

0 0.353553 0 0 0 0 0 0 0.223607 0 
0.353553 0 0.5 0 0 0 0 0.223607 0 0 
0 0.5 0 0 0.204124 0 0.176777 0 0 0 
0 0 0 0 0 0.6 0 0 0.141421 0.149071 
0 0 0.204124 0 0 0 0 0.182574 0.516398 0 
0 0 0 0.6 0 0 0 0 0.141421 0.149071 
0 0 0.176777 0 0 0 0 0.158114 0.111803 0.589256 
0 0.223607 0 0 0.182574 0 0.158114 0 0.141421 0.149071 
0.223607 0 0 0.141421 0.516398 0.141421 0.111803 0.141421 0 0.105409 
0 0 0 0.149071 0 0.149071 0.589256 0.149071 0.105409 0 


Eigen vals and vecs
------------------------

eval
0.0682508  0.383839  0.481233  0.668615         1

evec
 -0.753871   0.146827  -0.213561   0.258832  -0.185695
-0.0399583   0.453617  -0.118632   0.485691  -0.262613
  0.534233   0.309374 -0.0156093    0.40037  -0.262613
 0.0800334   0.280064  -0.308344  -0.466691   -0.29361
  0.295222  -0.530417  -0.254052   0.167215  -0.321634
 0.0800334   0.280064  -0.308344  -0.466691   -0.29361
-0.0216142 0.00119935   0.586405  -0.052523  -0.371391
-0.0148029  -0.145264   0.117259   0.147778   -0.29361
 -0.166922  -0.465192   -0.27204 0.00599724  -0.415227
  -0.12713  0.0352115    0.50374  -0.220498   -0.39392

Mcap 
------------------------
  0.51119  0.499922  0.354143         0  0.112696         0         0 0.0709908 0.0301555         0
 0.499922  0.632731  0.522188         0 0.0441592         0         0  0.108456         0         0
 0.354143  0.522188  0.455951         0 0.0526644         0         0  0.106876         0         0
        0         0         0  0.506886         0  0.506886         0         0         0 0.0549431
 0.112696 0.0441592 0.0526644         0  0.252297         0         0 0.0705452   0.15001         0
        0         0         0  0.506886         0  0.506886         0         0         0 0.0549431
        0         0         0         0         0         0  0.211155  0.043322         0  0.184838
0.0709908  0.108456  0.106876         0 0.0705452         0  0.043322 0.0771927 0.0117899         0
0.0301555         0         0         0   0.15001         0         0 0.0117899  0.112614         0
        0         0         0 0.0549431         0 0.0549431  0.184838         0         0  0.194702

Singular Values and U are
------------------------

Singular Values are 
0.0163711 0.0178498 0.0599438   0.13897  0.359506  0.387071   1.02147   1.49821

Computed U  is 
   -0.252422   -0.0534895       0.2321    -0.727204    -0.138868   0.00231981  0.000217308    -0.534967
    0.396243     0.261588    -0.139811    0.0785462     0.174477   -0.0344194   0.00024596    -0.644461
   -0.187655    -0.237084    -0.215319     0.529944      0.13416   -0.0198742  0.000175211     -0.52224
   0.0161655    0.0234429      0.02139   0.00644304  -0.00972034   -0.0579524    -0.703485 -6.62139e-05
    0.413389    -0.385547    0.0589708      0.12549    -0.797001     0.122099 -3.43015e-05    -0.102995
   0.0161698    0.0234411    0.0213905   0.00644259  -0.00972037   -0.0579525    -0.703485 -6.62336e-05
    0.336444     0.392575     0.258241    0.0271637     0.109012     0.722404   -0.0225294  -0.00414443
   -0.473392     0.061425     0.682042      0.39206    -0.120752     0.113172 -0.000971366    -0.120633
   -0.378781     0.619934     -0.45392    0.0579761    -0.506963    0.0718391 -9.99868e-06   -0.0238351
   -0.303112    -0.424912    -0.371368    -0.102585     0.115752     0.661025   -0.0985376 -0.000596136

Final Embeddings
------------------------------
  -0.0322974  -0.00714637     0.056826    -0.271092   -0.0832637   0.00144327  0.000219628    -0.654807
   0.0506992     0.034949   -0.0342305     0.029281     0.104615   -0.0214141  0.000248586    -0.788829
  -0.0240104   -0.0316752   -0.0527176     0.197556    0.0804408   -0.0123647  0.000177082    -0.639228
  0.00206837   0.00313204     0.005237   0.00240188   -0.0058282   -0.0360551    -0.710996 -8.10468e-05
    0.052893   -0.0515104    0.0144381    0.0467811    -0.477873    0.0759639 -3.46677e-05    -0.126067
  0.00206892    0.0031318   0.00523712   0.00240171  -0.00582822   -0.0360552    -0.710996 -8.10708e-05
   0.0430479    0.0524493    0.0632263    0.0101263    0.0653622     0.449444   -0.0227699  -0.00507283
  -0.0605704   0.00820658     0.166987     0.146155   -0.0724015    0.0704098 -0.000981737    -0.147656
  -0.0484649    0.0828252    -0.111135    0.0216127    -0.303969    0.0446948 -1.01054e-05   -0.0291745
  -0.0387831   -0.0567697   -0.0909237   -0.0382424    0.0694035     0.411257   -0.0995896 -0.000729678


=================================================  Small Graph Size ==========================================================
==================================================================================================================================



A
-----------------------
Nonzero entries:
(1,1) (2,2) (1,0) (1,2) (2,0) (1,1) (1,3) (1,2) 

Outer pointers:
0 2 4 7  $

0 1 2 0 
1 0 1 0 
2 1 0 1 
0 0 1 0 


Vol of matrix A is
------------------------------
10

Adj norm
------------------------

Nonzero entries:
(0.408248,1) (0.57735,2) (0.408248,0) (0.353553,2) (0.57735,0) (0.353553,1) (0.5,3) (0.5,2) 

Outer pointers:
0 2 4 7  $

0 0.408248 0.57735 0 
0.408248 0 0.353553 0 
0.57735 0.353553 0 0.5 
0 0 0.5 0 


Summed norm_adj
---------------------------------
Nonzero entries:
(2.82981,0) (2.58267,1) (3.57088,2) (1.62492,3) (2.58267,0) (1.86812,1) (2.86673,2) (1.29344,3) (3.57088,0) (2.86673,1) (3.7915,2) (2.17787,3) (1.62492,0) (1.29344,1) (2.17787,2) (1.00061,3) 

Outer pointers:
0 4 8 12  $

2.82981 2.58267 3.57088 1.62492 
2.58267 1.86812 2.86673 1.29344 
3.57088 2.86673 3.7915 2.17787 
1.62492 1.29344 2.17787 1.00061 


Mcap 
------------------------
         0  0.0529449   0.030359          0
 0.0529448          0  0.0134508          0
 0.0303589  0.0134508          0  0.0852021
         0          0  0.0852021 0.00061231

Singular Values and U are
------------------------

Singular Values are 
0.0459747 0.0890122 0.0974603

Computed U  is 
-0.260602  0.362462  0.365378
-0.879842 -0.105833  0.288307
  0.26487  -0.68812   0.66945
 0.296325  0.619606  0.578977

Final Embeddings
------------------------------
-0.0558775    0.10814   0.114066
 -0.188653 -0.0315751  0.0900056
 0.0567928    -0.2053   0.208993
 0.0635372   0.184859   0.180749
----------------------------------------------------------------------------------------------------------

A
-----------------------
Nonzero entries:
(1,1) (1,2) (2,5) (1,0) (1,2) (1,5) (1,0) (1,1) (3,4) (1,5) (4,4) (1,5) (3,2) (4,3) (1,5) (2,0) (1,1) (1,2) (1,3) (1,4) 

Outer pointers:
0 3 6 10 12 15  $

0 1 1 0 0 2 
1 0 1 0 0 1 
1 1 0 0 3 1 
0 0 0 0 4 1 
0 0 3 4 0 1 
2 1 1 1 1 0 


Vol of matrix A is
------------------------------
32

Adj norm
------------------------

Nonzero entries:
(0.288675,1) (0.204124,2) (0.408248,5) (0.288675,0) (0.235702,2) (0.235702,5) (0.204124,0) (0.235702,1) (0.433013,4) (0.166667,5) (0.632456,4) (0.182574,5) (0.433013,2) (0.632456,3) (0.144338,5) (0.408248,0) (0.235702,1) (0.166667,2) (0.182574,3) (0.144338,4) 

Outer pointers:
0 3 6 10 12 15  $

0 0.288675 0.204124 0 0 0.408248 
0.288675 0 0.235702 0 0 0.235702 
0.204124 0.235702 0 0 0.433013 0.166667 
0 0 0 0 0.632456 0.182574 
0 0 0.433013 0.632456 0 0.144338 
0.408248 0.235702 0.166667 0.182574 0.144338 0 


Summed norm_adj
---------------------------------
Nonzero entries:
(1.3258,0) (1.36065,1) (1.58246,2) (1.12428,3) (1.48218,4) (1.80006,5) (1.36065,0) (0.983632,1) (1.41476,2) (0.960541,3) (1.28647,4) (1.48747,5) (1.58246,0) (1.41476,1) (1.76804,2) (1.61038,3) (2.25028,4) (1.87103,5) (1.12428,0) (0.960541,1) (1.61038,2) (1.67878,3) (2.40048,4) (1.6168,5) (1.48218,0) (1.28647,1) (2.25028,2) (2.40048,3) (2.56667,4) (2.02179,5) (1.80006,0) (1.48747,1) (1.87104,2) (1.6168,3) (2.02179,4) (1.79692,5) 

Outer pointers:
0 6 12 18 24 30  $

1.3258 1.36065 1.58246 1.12428 1.48218 1.80006 
1.36065 0.983632 1.41476 0.960541 1.28647 1.48747 
1.58246 1.41476 1.76804 1.61038 2.25028 1.87104 
1.12428 0.960541 1.61038 1.67878 2.40048 1.6168 
1.48218 1.28647 2.25028 2.40048 2.56667 2.02179 
1.80006 1.48747 1.87103 1.6168 2.02179 1.79692 


Mcap 
------------------------
0.0588759  0.228664 0.0331048         0         0  0.161943
 0.228664 0.0480347 0.0649233         0         0  0.115043
0.0331048 0.0649232         0         0 0.0386029         0
        0         0         0 0.0717781  0.194381         0
        0         0 0.0386028  0.194381 0.0263188         0
 0.161943  0.115043         0         0         0         0

Singular Values and U are
------------------------

Singular Values are 
0.104423 0.158751  0.24363 0.386982

Computed U  is 
-0.0666944   0.256707 -0.0958275  -0.575805
 -0.537264  -0.305305   0.140974  -0.649207
  0.293264   0.239326 -0.0976823  -0.158274
 -0.202607   0.542986   -0.70451 -0.0568361
  0.168803  -0.698973  -0.675543 -0.0360474
  0.742531   0.014689  0.0933175  -0.466261

Final Embeddings
------------------------------
 -0.021552   0.102281 -0.0472994  -0.358196
 -0.173614  -0.121644  0.0695831  -0.403858
 0.0947666   0.095356 -0.0482148 -0.0984591
-0.0654712   0.216345  -0.347738 -0.0353565
 0.0545478  -0.278495   -0.33344 -0.0224243
  0.239945  0.0058526  0.0460604  -0.290051
----------------------------------------------------------------------------------------------------------

A
-----------------------
Nonzero entries:
(1,1) (1,2) (2,4) (1,5) (1,6) (1,0) (3,2) (1,3) (1,6) (1,0) (3,1) (1,4) (4,5) (1,1) (1,4) (2,0) (1,2) (1,3) (1,0) (4,2) (1,6) (1,0) (1,1) (1,5) 

Outer pointers:
0 5 9 13 15 18 21  $

0 1 1 0 2 1 1 
1 0 3 1 0 0 1 
1 3 0 0 1 4 0 
0 1 0 0 1 0 0 
2 0 1 1 0 0 0 
1 0 4 0 0 0 1 
1 1 0 0 0 1 0 


Vol of matrix A is
------------------------------
36

Adj norm
------------------------

Nonzero entries:
(0.166667,1) (0.136083,2) (0.408248,4) (0.166667,5) (0.235702,6) (0.166667,0) (0.408248,2) (0.288675,3) (0.235702,6) (0.136083,0) (0.408248,1) (0.166667,4) (0.544331,5) (0.288675,1) (0.353553,4) (0.408248,0) (0.166667,2) (0.353553,3) (0.166667,0) (0.544331,2) (0.235702,6) (0.235702,0) (0.235702,1) (0.235702,5) 

Outer pointers:
0 5 9 13 15 18 21  $

0 0.166667 0.136083 0 0.408248 0.166667 0.235702 
0.166667 0 0.408248 0.288675 0 0 0.235702 
0.136083 0.408248 0 0 0.166667 0.544331 0 
0 0.288675 0 0 0.353553 0 0 
0.408248 0 0.166667 0.353553 0 0 0 
0.166667 0 0.544331 0 0 0 0.235702 
0.235702 0.235702 0 0 0 0.235702 0 


Summed norm_adj
---------------------------------
Nonzero entries:
(1.59335,0) (1.62991,1) (1.97904,2) (0.940011,3) (1.57484,4) (1.6284,5) (1.26708,6) (1.62991,0) (1.61398,1) (2.12542,2) (1.09499,3) (1.29361,4) (1.58622,5) (1.24222,6) (1.97904,0) (2.12542,1) (2.43711,2) (1.07419,3) (1.56688,4) (2.28404,5) (1.37827,6) (0.940011,0) (1.09499,1) (1.07419,2) (0.645575,3) (1.05112,4) (0.766811,5) (0.601227,6) (1.57484,0) (1.29361,1) (1.56688,2) (1.05112,3) (1.18115,4) (1.20262,5) (0.853605,6) (1.6284,0) (1.58622,1) (2.28404,2) (0.766811,3) (1.20262,4) (1.67488,5) (1.2565,6) (1.26708,0) (1.24222,1) (1.37827,2) (0.601227,3) (0.853605,4) (1.2565,5) (0.810559,6) 

Outer pointers:
0 7 14 21 28 35 42  $

1.59335 1.62991 1.97904 0.940011 1.57484 1.6284 1.26708 
1.62991 1.61398 2.12542 1.09499 1.29361 1.58622 1.24222 
1.97904 2.12542 2.43711 1.07419 1.56688 2.28404 1.37827 
0.940011 1.09499 1.07419 0.645575 1.05112 0.766811 0.601227 
1.57484 1.29361 1.56688 1.05112 1.18115 1.20262 0.853605 
1.6284 1.58622 2.28404 0.766811 1.20262 1.67488 1.2565 
1.26708 1.24222 1.37827 0.601227 0.853605 1.2565 0.810559 


Mcap 
------------------------
         0          0          0          0   0.146063          0  0.0724636
         0          0  0.0404092   0.129223          0          0  0.0526475
         0  0.0404092          0          0          0   0.112387          0
         0   0.129223          0   0.150172   0.291065          0          0
  0.146063          0          0   0.291065  0.0611311          0          0
         0          0   0.112387          0          0 0.00491506  0.0640785
 0.0724637  0.0526475          0          0          0  0.0640784          0

Singular Values and U are
------------------------

Singular Values are 
0.0675995  0.136019  0.151107  0.206644  0.443043

Computed U  is 
 -0.329656   0.324012   0.232477  -0.276028  -0.225801
  -0.47149   0.256767   0.251853  0.0388735  -0.204761
 -0.532196   0.297072  -0.655178  -0.108308 -0.0271065
  0.175238  -0.325408  -0.125223  -0.540773  -0.728617
 0.0435381   0.122341  0.0636183   0.735518  -0.609468
  0.418966   0.716766   0.279589  -0.259879   -0.01178
  0.421492   0.325919  -0.596128  0.0980193 -0.0622866

Final Embeddings
------------------------------
 -0.0857103    0.119498   0.0903697   -0.125477   -0.150296
  -0.122587   0.0946976   0.0979015   0.0176712   -0.136292
   -0.13837    0.109562   -0.254684  -0.0492349  -0.0180425
  0.0455617   -0.120013  -0.0486774   -0.245825   -0.484978
  0.0113199   0.0451203   0.0247301    0.334353   -0.405671
   0.108931    0.264349    0.108683   -0.118136 -0.00784097
   0.109588    0.120201    -0.23173   0.0445578  -0.0414589
----------------------------------------------------------------------------------------------------------

A
-----------------------
Nonzero entries:
(1,1) (1,2) (1,4) (3,6) (1,0) (1,3) (1,4) (1,5) (4,6) (1,0) (1,3) (1,1) (1,2) (1,4) (5,6) (1,7) (1,0) (1,1) (1,3) (1,7) (1,1) (2,7) (3,0) (4,1) (5,3) (1,7) (1,3) (1,4) (2,5) (1,6) 

Outer pointers:
0 4 9 11 16 20 22 26  $

0 1 1 0 1 0 3 0 
1 0 0 1 1 1 4 0 
1 0 0 1 0 0 0 0 
0 1 1 0 1 0 5 1 
1 1 0 1 0 0 0 1 
0 1 0 0 0 0 0 2 
3 4 0 5 0 0 0 1 
0 0 0 1 1 2 1 0 


Vol of matrix A is
------------------------------
50

Adj norm
------------------------

Nonzero entries:
(0.144338,1) (0.288675,2) (0.204124,4) (0.339683,6) (0.144338,0) (0.117851,3) (0.176777,4) (0.204124,5) (0.392232,6) (0.288675,0) (0.235702,3) (0.117851,1) (0.235702,2) (0.166667,4) (0.46225,6) (0.149071,7) (0.204124,0) (0.176777,1) (0.166667,3) (0.223607,7) (0.204124,1) (0.516398,7) (0.339683,0) (0.392232,1) (0.46225,3) (0.124035,7) (0.149071,3) (0.223607,4) (0.516398,5) (0.124035,6) 

Outer pointers:
0 4 9 11 16 20 22 26  $

0 0.144338 0.288675 0 0.204124 0 0.339683 0 
0.144338 0 0 0.117851 0.176777 0.204124 0.392232 0 
0.288675 0 0 0.235702 0 0 0 0 
0 0.117851 0.235702 0 0.166667 0 0.46225 0.149071 
0.204124 0.176777 0 0.166667 0 0 0 0.223607 
0 0.204124 0 0 0 0 0 0.516398 
0.339683 0.392232 0 0.46225 0 0 0 0.124035 
0 0 0 0.149071 0.223607 0.516398 0.124035 0 


Summed norm_adj
---------------------------------
Nonzero entries:
(1.19988,0) (1.40982,1) (0.892889,2) (1.41723,3) (1.03355,4) (0.671305,5) (1.87719,6) (0.919299,7) (1.40982,0) (1.50941,1) (0.716149,2) (1.67307,3) (1.15434,4) (1.01859,5) (2.16678,6) (1.18257,7) (0.892889,0) (0.716149,1) (0.448551,2) (0.958984,3) (0.530734,4) (0.362027,5) (0.998677,6) (0.504832,7) (1.41723,0) (1.67307,1) (0.958984,2) (1.72401,3) (1.20157,4) (0.904056,5) (2.32583,6) (1.30281,7) (1.03355,0) (1.15434,1) (0.530734,2) (1.20157,3) (0.767,4) (0.690224,5) (1.35282,6) (1.00217,7) (0.671305,0) (1.01859,1) (0.362028,2) (0.904056,3) (0.690224,4) (0.813209,5) (1.08949,6) (1.27626,7) (1.87719,0) (2.16678,1) (0.998677,2) (2.32583,3) (1.35282,4) (1.08949,5) (2.50974,6) (1.47457,7) (0.919299,0) (1.18257,1) (0.504832,2) (1.30281,3) (1.00217,4) (1.27626,5) (1.47457,6) (1.1673,7) 

Outer pointers:
0 8 16 24 32 40 48 56  $

1.19988 1.40982 0.892889 1.41723 1.03355 0.671305 1.87719 0.919299 
1.40982 1.50941 0.716149 1.67307 1.15434 1.01859 2.16678 1.18257 
0.892889 0.716149 0.448551 0.958984 0.530734 0.362028 0.998677 0.504832 
1.41723 1.67307 0.958984 1.72401 1.20157 0.904056 2.32583 1.30281 
1.03355 1.15434 0.530734 1.20157 0.767 0.690224 1.35282 1.00217 
0.671305 1.01859 0.362027 0.904056 0.690224 0.813209 1.08949 1.27626 
1.87719 2.16678 0.998677 2.32583 1.35282 1.08949 2.50974 1.47457 
0.919299 1.18257 0.504832 1.30281 1.00217 1.27626 1.47457 1.1673 


Mcap 
------------------------
         0  0.0173017   0.253692          0  0.0534099          0  0.0608619          0
 0.0173018          0          0          0  0.0200952  0.0388285  0.0604825          0
  0.253692          0   0.114558   0.122371          0          0          0          0
         0          0   0.122371          0 0.00130878          0  0.0724289          0
 0.0534099  0.0200952          0 0.00130878          0          0          0   0.113744
         0  0.0388285          0          0          0   0.304059          0   0.499347
 0.0608619  0.0604825          0   0.072429          0          0          0          0
         0          0          0          0   0.113744   0.499346          0   0.154693

Singular Values and U are
------------------------

Singular Values are 
0.0632409 0.0690959  0.249132  0.305606  0.355566  0.742397

Computed U  is 
 -0.234491   0.196243   0.648948   -0.14938  -0.570167 0.00818042
  0.765809  -0.313345 -0.0155671 -0.0996883 -0.0608036  0.0429377
 -0.134341  -0.242161  -0.569272  0.0938258  -0.739982 0.00195379
  0.450755  -0.143441   0.350705  -0.064014  -0.295691  0.0020596
-0.0685063  -0.169078 -0.0783229    0.29903   -0.09028   0.101782
  0.037881  0.0273762   0.153291    0.59116  0.0122652   0.748684
  0.352492   0.868719  -0.271366  0.0601846  -0.166342 0.00412562
-0.0833367 0.00878882  -0.168186  -0.715777  0.0153343   0.653588

Final Embeddings
------------------------------
 -0.0589691   0.0515847     0.32391  -0.0825799   -0.339987  0.00704845
   0.192584  -0.0823662 -0.00777001  -0.0551093  -0.0362568   0.0369962
 -0.0337838  -0.0636548   -0.284141   0.0518684   -0.441246  0.00168343
   0.113355  -0.0377051    0.175048   -0.035388   -0.176319   0.0017746
 -0.0172278  -0.0444441  -0.0390934    0.165309  -0.0538334   0.0876974
 0.00952621  0.00719614   0.0765124    0.326803  0.00731368    0.645084
  0.0886438    0.228352   -0.135447    0.033271  -0.0991885  0.00355474
 -0.0209573  0.00231024   -0.083947   -0.395693  0.00914374    0.563148
----------------------------------------------------------------------------------------------------------

A
-----------------------
Nonzero entries:
(1,2) (1,4) (4,4) (1,5) (1,6) (1,7) (7,8) (1,0) (1,8) (1,4) (8,6) (1,7) (1,0) (4,1) (1,3) (1,8) (1,1) (1,7) (1,1) (8,3) (9,7) (1,8) (1,1) (1,3) (1,5) (9,6) (7,1) (1,2) (1,4) (1,6) 

Outer pointers:
0 2 7 9 12 16 18 22 26  $

0 0 1 0 1 0 0 0 0 
0 0 0 0 4 1 1 1 7 
1 0 0 0 0 0 0 0 1 
0 0 0 0 1 0 8 1 0 
1 4 0 1 0 0 0 0 1 
0 1 0 0 0 0 0 1 0 
0 1 0 8 0 0 0 9 1 
0 1 0 1 0 1 9 0 0 
0 7 1 0 1 0 1 0 0 


Vol of matrix A is
------------------------------
78

Adj norm
------------------------

Nonzero entries:
(0.5,2) (0.267261,4) (0.404061,4) (0.188982,5) (0.0613139,6) (0.0771517,7) (0.591608,8) (0.5,0) (0.223607,8) (0.119523,4) (0.580381,6) (0.0912871,7) (0.267261,0) (0.404061,1) (0.119523,3) (0.119523,8) (0.188982,1) (0.204124,7) (0.0613139,1) (0.580381,3) (0.59604,7) (0.0725476,8) (0.0771517,1) (0.0912871,3) (0.204124,5) (0.59604,6) (0.591608,1) (0.223607,2) (0.119523,4) (0.0725476,6) 

Outer pointers:
0 2 7 9 12 16 18 22 26  $

0 0 0.5 0 0.267261 0 0 0 0 
0 0 0 0 0.404061 0.188982 0.0613139 0.0771517 0.591608 
0.5 0 0 0 0 0 0 0 0.223607 
0 0 0 0 0.119523 0 0.580381 0.0912871 0 
0.267261 0.404061 0 0.119523 0 0 0 0 0.119523 
0 0.188982 0 0 0 0 0 0.204124 0 
0 0.0613139 0 0.580381 0 0 0 0.59604 0.0725476 
0 0.0771517 0 0.0912871 0 0.204124 0.59604 0 0 
0 0.591608 0.223607 0 0.119523 0 0.0725476 0 0 


Summed norm_adj
---------------------------------
Nonzero entries:
(0.689837,0) (0.805919,1) (0.981966,2) (0.314848,3) (0.850605,4) (0.190017,5) (0.398856,6) (0.3152,7) (0.764344,8) (0.805919,0) (2.17699,1) (0.825941,2) (1.05807,3) (1.7496,4) (0.782641,5) (1.5084,6) (1.24483,7) (2.21179,8) (0.981966,0) (0.825941,1) (0.665063,2) (0.291965,3) (0.685843,4) (0.194234,5) (0.40602,6) (0.312353,7) (0.903821,8) (0.314848,0) (1.05807,1) (0.291965,2) (1.53691,3) (0.807996,4) (0.487363,5) (2.40532,6) (1.72201,7) (0.843939,8) (0.850605,0) (1.7496,1) (0.685843,2) (0.807996,3) (1.10781,4) (0.447231,5) (1.01945,6) (0.790476,7) (1.40333,8) (0.190017,0) (0.782641,1) (0.194234,2) (0.487363,3) (0.447231,4) (0.275599,5) (0.741994,6) (0.737965,7) (0.558295,8) (0.398856,0) (1.5084,1) (0.40602,2) (2.40532,3) (1.01945,4) (0.741994,5) (2.90729,6) (2.57756,7) (1.21826,8) (0.3152,0) (1.24483,1) (0.312353,2) (1.72201,3) (0.790476,4) (0.737965,5) (2.57756,6) (1.80349,7) (0.958948,8) (0.764344,0) (2.21179,1) (0.903821,2) (0.843938,3) (1.40333,4) (0.558295,5) (1.21826,6) (0.958948,7) (1.6395,8) 

Outer pointers:
0 9 18 27 36 45 54 63 72  $

0.689837 0.805919 0.981966 0.314848 0.850605 0.190017 0.398856 0.3152 0.764344 
0.805919 2.17699 0.825941 1.05807 1.7496 0.782641 1.5084 1.24483 2.21179 
0.981966 0.825941 0.665063 0.291965 0.685843 0.194234 0.40602 0.312353 0.903821 
0.314848 1.05807 0.291965 1.53691 0.807996 0.487363 2.40532 1.72201 0.843938 
0.850605 1.7496 0.685843 0.807996 1.10781 0.447231 1.01945 0.790476 1.40333 
0.190017 0.782641 0.194234 0.487363 0.447231 0.275599 0.741994 0.737965 0.558295 
0.398856 1.5084 0.40602 2.40532 1.01945 0.741994 2.90729 2.57756 1.21826 
0.3152 1.24483 0.312353 1.72201 0.790476 0.737965 2.57756 1.80349 0.958948 
0.764344 2.21179 0.903821 0.843939 1.40333 0.558295 1.21826 0.958948 1.6395 


Mcap 
------------------------
 0.989676   0.17225   1.34278         0  0.572788         0         0         0   0.28752
  0.17225  0.193011   0.19679         0  0.321029  0.142941         0         0  0.377104
  1.34278   0.19679  0.953103         0  0.357489         0         0         0  0.455134
        0         0         0  0.181311         0         0  0.308296  0.203872         0
 0.572788  0.321029  0.357489         0  0.210595         0         0         0  0.268722
        0  0.142941         0         0         0 0.0721672         0  0.161238         0
        0         0         0  0.308296         0         0  0.176905  0.286295         0
        0         0         0  0.203872         0  0.161238  0.286295  0.158938         0
  0.28752  0.377104  0.455134         0  0.268722         0         0         0  0.245932

Singular Values and U are
------------------------

Singular Values are 
0.0878866  0.162636  0.189257  0.460701  0.529841  0.719114   2.71519

Computed U  is 
   0.0365718   -0.0601812  -0.00818619     0.655267    -0.296065    0.0185103    -0.649081
    0.263922   -0.0685505    -0.606082     0.039441     0.623316   -0.0323398    -0.168722
   0.0931252   -0.0701228   -0.0627354    -0.626823    -0.235519    0.0130894    -0.636331
     0.61182        0.475    0.0034239   0.00164913   -0.0638295    -0.555199 -5.51162e-05
   -0.251595     0.161038     0.238412    -0.334708     0.344714   -0.0205383    -0.287759
    0.429396    -0.686226     0.522129 -0.000337939     0.216359    -0.152009  -0.00923173
   -0.402504    -0.430136    -0.367861   0.00824058   -0.0441065    -0.612164   2.4806e-06
   -0.284091     0.175102     0.276519  -0.00672112    -0.040398    -0.539539 -0.000731954
   -0.235825     0.220501     0.295646     0.253017     0.543198   -0.0286181    -0.249839

Final Embeddings
------------------------------
    0.010842     -0.02427   -0.0035613     0.444762    -0.215506    0.0156968     -1.06954
   0.0782416   -0.0276452    -0.263668    0.0267705     0.453713   -0.0274243    -0.278017
   0.0276076   -0.0282792   -0.0272922    -0.425455    -0.171435    0.0110999     -1.04853
    0.181378     0.191559   0.00148952   0.00111935   -0.0464616    -0.470812 -9.08196e-05
  -0.0745869    0.0649435     0.103718    -0.227183     0.250918   -0.0174166    -0.474165
    0.127297    -0.276742     0.227145 -0.000229376     0.157488    -0.128905   -0.0152119
   -0.119325    -0.173466    -0.160033   0.00559329   -0.0321052    -0.519119  4.08749e-06
  -0.0842208    0.0706154     0.120296  -0.00456195   -0.0294058    -0.457532   -0.0012061
  -0.0699118    0.0889242     0.128617     0.171735     0.395395   -0.0242683    -0.411681
----------------------------------------------------------------------------------------------------------

A
-----------------------
Nonzero entries:
(1,1) (1,8) (1,0) (2,2) (1,7) (2,1) (1,4) (1,6) (3,5) (1,8) (1,9) (1,2) (1,7) (4,8) (3,3) (1,8) (1,9) (1,2) (1,7) (1,8) (5,9) (1,1) (1,4) (1,6) (1,8) (1,9) (1,0) (1,3) (4,4) (1,5) (1,6) (1,7) (1,9) (1,3) (1,5) (5,6) (1,7) (1,8) 

Outer pointers:
0 2 5 8 11 14 17 21 26 33  $

0 1 0 0 0 0 0 0 1 0 
1 0 2 0 0 0 0 1 0 0 
0 2 0 0 1 0 1 0 0 0 
0 0 0 0 0 3 0 0 1 1 
0 0 1 0 0 0 0 1 4 0 
0 0 0 3 0 0 0 0 1 1 
0 0 1 0 0 0 0 1 1 5 
0 1 0 0 1 0 1 0 1 1 
1 0 0 1 4 1 1 1 0 1 
0 0 0 1 0 1 5 1 1 0 


Vol of matrix A is
------------------------------
58

Adj norm
------------------------

Nonzero entries:
(0.353553,1) (0.223607,8) (0.353553,0) (0.5,2) (0.223607,7) (0.5,1) (0.204124,4) (0.176777,6) (0.6,5) (0.141421,8) (0.149071,9) (0.204124,2) (0.182574,7) (0.516398,8) (0.6,3) (0.141421,8) (0.149071,9) (0.176777,2) (0.158114,7) (0.111803,8) (0.589256,9) (0.223607,1) (0.182574,4) (0.158114,6) (0.141421,8) (0.149071,9) (0.223607,0) (0.141421,3) (0.516398,4) (0.141421,5) (0.111803,6) (0.141421,7) (0.105409,9) (0.149071,3) (0.149071,5) (0.589256,6) (0.149071,7) (0.105409,8) 

Outer pointers:
0 2 5 8 11 14 17 21 26 33  $

0 0.353553 0 0 0 0 0 0 0.223607 0 
0.353553 0 0.5 0 0 0 0 0.223607 0 0 
0 0.5 0 0 0.204124 0 0.176777 0 0 0 
0 0 0 0 0 0.6 0 0 0.141421 0.149071 
0 0 0.204124 0 0 0 0 0.182574 0.516398 0 
0 0 0 0.6 0 0 0 0 0.141421 0.149071 
0 0 0.176777 0 0 0 0 0.158114 0.111803 0.589256 
0 0.223607 0 0 0.182574 0 0.158114 0 0.141421 0.149071 
0.223607 0 0 0.141421 0.516398 0.141421 0.111803 0.141421 0 0.105409 
0 0 0 0.149071 0 0.149071 0.589256 0.149071 0.105409 0 


Summed norm_adj
---------------------------------
Nonzero entries:
(0.485398,0) (0.909907,1) (0.632281,2) (0.37734,3) (0.622046,4) (0.37734,5) (0.542128,6) (0.554194,7) (0.878401,8) (0.536587,9) (0.909907,0) (1.12017,1) (1.30116,2) (0.440965,3) (0.853653,4) (0.440965,5) (0.845037,6) (0.93043,7) (0.964362,8) (0.762422,9) (0.632281,0) (1.30116,1) (0.958359,2) (0.467073,3) (0.958829,4) (0.467073,5) (0.970986,6) (0.809421,7) (0.973737,8) (0.837937,9) (0.37734,0) (0.440965,1) (0.467073,2) (1.23979,3) (0.757521,4) (1.61253,5) (0.948952,6) (0.660396,7) (1.22856,8) (1.24389,9) (0.622046,0) (0.853653,1) (0.958829,2) (0.757521,3) (1.17016,4) (0.757521,5) (1.02137,6) (1.04703,7) (1.70852,8) (1.03442,9) (0.37734,0) (0.440965,1) (0.467073,2) (1.61253,3) (0.757521,4) (1.23979,5) (0.948952,6) (0.660396,7) (1.22856,8) (1.24389,9) (0.542128,0) (0.845037,1) (0.970986,2) (0.948952,3) (1.02137,4) (0.948952,5) (1.52179,6) (1.14954,7) (1.40885,8) (1.93666,9) (0.554194,0) (0.93043,1) (0.809421,2) (0.660396,3) (1.04703,4) (0.660396,5) (1.14954,6) (0.846722,7) (1.24328,8) (1.16761,9) (0.878401,0) (0.964362,1) (0.973737,2) (1.22856,3) (1.70852,4) (1.22856,5) (1.40885,6) (1.24328,7) (1.74898,8) (1.5098,9) (0.536587,0) (0.762422,1) (0.837937,2) (1.24389,3) (1.03442,4) (1.24389,5) (1.93666,6) (1.16761,7) (1.5098,8) (1.69361,9) 

Outer pointers:
0 10 20 30 40 50 60 70 80 90  $

0.485398 0.909907 0.632281 0.37734 0.622046 0.37734 0.542128 0.554194 0.878401 0.536587 
0.909907 1.12017 1.30116 0.440965 0.853653 0.440965 0.845037 0.93043 0.964362 0.762422 
0.632281 1.30116 0.958359 0.467073 0.958829 0.467073 0.970986 0.809421 0.973737 0.837937 
0.37734 0.440965 0.467073 1.23979 0.757521 1.61253 0.948952 0.660396 1.22856 1.24389 
0.622046 0.853653 0.958829 0.757521 1.17016 0.757521 1.02137 1.04703 1.70852 1.03442 
0.37734 0.440965 0.467073 1.61253 0.757521 1.23979 0.948952 0.660396 1.22856 1.24389 
0.542128 0.845037 0.970986 0.948952 1.02137 0.948952 1.52179 1.14954 1.40885 1.93666 
0.554194 0.93043 0.809421 0.660396 1.04703 0.660396 1.14954 0.846722 1.24328 1.16761 
0.878401 0.964362 0.973737 1.22856 1.70852 1.22856 1.40885 1.24328 1.74898 1.5098 
0.536587 0.762422 0.837937 1.24389 1.03442 1.24389 1.93666 1.16761 1.5098 1.69361 


Mcap 
------------------------
  0.341925   0.623724   0.259716          0  0.0406631          0          0  0.0163243   0.130339          0
  0.623724    0.48504   0.634819          0  0.0106008          0          0   0.187883          0          0
  0.259716   0.634819   0.329031          0   0.126788          0          0   0.048556          0          0
         0          0          0   0.363365          0   0.626222          0          0 0.00768632  0.0727709
 0.0406631  0.0106008   0.126788          0   0.123238          0          0    0.10322   0.246315          0
         0          0          0   0.626222          0   0.363365          0          0 0.00768632  0.0727709
         0          0          0          0          0          0  0.0983032  0.0527787          0   0.280488
 0.0163243   0.187883   0.048556          0   0.103221          0  0.0527788          0  0.0196016 0.00948601
  0.130339          0          0 0.00768621   0.246315 0.00768621          0  0.0196016  0.0143051          0
         0          0          0  0.0727709          0  0.0727709   0.280488 0.00948601          0  0.0874966

Singular Values and U are
------------------------

Singular Values are 
0.178001 0.206574 0.249431 0.324578  0.37156 0.389188 0.997752  1.46225

Computed U  is 
   -0.424037     0.284652     0.115132    0.0418865    0.0129711     0.417407   0.00460122     -0.50413
  -0.0180711   -0.0546786   -0.0592265    0.0666056     0.054945    -0.702683   -0.0144853    -0.679007
    0.444754    -0.192406   -0.0126042    0.0943282   -0.0050756     0.452384 -0.000657312    -0.508475
    0.220913    -0.159316     0.590425    -0.146893    0.0877084   -0.0829317     0.709205  -0.00273528
   -0.294131     0.345199     0.245985    -0.665296    -0.146698    0.0181534   -0.0140033   -0.0942582
   -0.179156     0.237123    -0.597423     0.120478    0.0713565    0.0766672     0.692409  -0.00767769
    0.436211     0.518023   -0.0123473     0.100862    -0.701594    -0.107912    0.0420058  -0.00405517
    0.143221    -0.220387   -0.0288526   -0.0973457    -0.156691     0.318292    0.0041127    -0.116374
    0.183092    -0.285986    -0.463278    -0.680589   -0.0875868   -0.0320114    0.0152423   -0.0611431
   -0.458621    -0.528666    0.0379764     0.152809    -0.661835   -0.0170974     0.123115  -0.00270665

Final Embeddings
------------------------------
   -0.178902     0.129376    0.0575003    0.0238635   0.00790664     0.260399   0.00459604    -0.609613
 -0.00762424   -0.0248516   -0.0295795    0.0379464    0.0334921    -0.438368    -0.014469     -0.82108
    0.187642   -0.0874492  -0.00629492    0.0537404  -0.00309387      0.28222 -0.000656572    -0.614866
   0.0932036   -0.0724096     0.294876   -0.0836876    0.0534633   -0.0517369     0.708408   -0.0033076
   -0.124094     0.156894     0.122853    -0.379031   -0.0894211     0.011325   -0.0139875     -0.11398
  -0.0755864     0.107773    -0.298371    0.0686383    0.0434958    0.0478288      0.69163  -0.00928415
    0.184038     0.235443   -0.0061666    0.0574629    -0.427662   -0.0673209    0.0419586  -0.00490365
   0.0604254    -0.100167   -0.0144099   -0.0554596    -0.095512     0.198566   0.00410807    -0.140724
    0.077247    -0.129982    -0.231375    -0.387744   -0.0533892   -0.0199703    0.0152252   -0.0739365
   -0.193493    -0.240281    0.0189666    0.0870578    -0.403426   -0.0106662     0.122977  -0.00327298
